Right camera - LiDAR:

Intrinsic:
1305.89430722094	0	981.303586463794
0	1341.58846753615	554.343733652749
0	0	1

T:
0.174797365275307	0.0315921736699309	-0.0211996999852151

R:
0.0190535216952947	-0.999816120684766	0.00216520896716965
0.0111068010415822	-0.00195380686895392	-0.999936408782749
0.999756771560778	0.0190763586038690	0.0110675318290462

A = R|T:
0.0190535216952947	-0.999816120684766	0.00216520896716965	0.174797365275307
0.0111068010415822	-0.00195380686895392	-0.999936408782749	0.0315921736699309
0.999756771560778	0.0190763586038690	0.0110675318290462	-0.0211996999852151
0	0	0	1

Left camera - LiDAR:
 Intrinsic:
 1316.07581313844	0	977.216764459157
0	1345.86893474898	575.841087157895
0	0	1

T:
0.766342576097628	-0.0129554996497073	-0.0218665422755759

R:
0.0241814992308879	-0.998849848690298	-0.0414033195083988
0.0277360611005903	0.0420698075021673	-0.998729614165593
0.999322753673492	0.0230024143971580	0.0287214714513467

A = R|T:
0.0241814992308879	-0.998849848690298	-0.0414033195083988	0.766342576097628
0.0277360611005903	0.0420698075021673	-0.998729614165593	-0.0129554996497073
0.999322753673492	0.0230024143971580	0.0287214714513467	-0.0218665422755759
0	0	0	1
